 Best is trial 22 with value: -194.66021728515625.
{'lr_a': 0.052716057668171834, 'lr_c': 0.0002686115505493936,
 'gamma': 0.8254973983400358, 'T_0': 0.7464125999288997, 'T_1': 1.195945895744823, 
 'T_2': 0.8618922285908982, 'T_3': 0.9553847289388989, 'e_0': 0.7044181877241404, 
 'e_1': 0.8395844488687179, 'e_2': 0.7772020647092052, 'e_3': 1.1805022644054206, 
 'r_0': 0.8393968401666891, 'r_1': 0.825582926567524, 'r_2': 0.743481052245041,
  'r_3': 0.8056238452045333, 'w_0': 1.1008258729954918, 'w_1': 0.876757369710156,
   'w_2': 0.9696072951329275, 'w_3': 0.8402192041861829}