tensor([[0.0833, 0.0834, 0.0834, 0.0833, 0.0833, 0.0834, 0.0834, 0.0834, 0.0834,
         0.0834, 0.0832, 0.0834],
        [0.0834, 0.0833, 0.0833, 0.0834, 0.0834, 0.0833, 0.0833, 0.0833, 0.0833,
         0.0833, 0.0834, 0.0833],
        [0.0832, 0.0834, 0.0834, 0.0832, 0.0833, 0.0834, 0.0834, 0.0834, 0.0835,
         0.0834, 0.0830, 0.0834],
        [0.0829, 0.0835, 0.0835, 0.0830, 0.0831, 0.0834, 0.0835, 0.0836, 0.0837,
         0.0836, 0.0826, 0.0836],
        [0.0830, 0.0835, 0.0835, 0.0830, 0.0831, 0.0834, 0.0835, 0.0836, 0.0837,
         0.0835, 0.0827, 0.0836],
        [0.0830, 0.0835, 0.0835, 0.0830, 0.0831, 0.0834, 0.0835, 0.0836, 0.0837,
         0.0835, 0.0827, 0.0836],
        [0.0830, 0.0835, 0.0835, 0.0830, 0.0831, 0.0834, 0.0835, 0.0836, 0.0837,
         0.0835, 0.0827, 0.0836],
        [0.0835, 0.0833, 0.0833, 0.0835, 0.0834, 0.0833, 0.0833, 0.0832, 0.0832,
         0.0832, 0.0836, 0.0832],
        [0.0841, 0.0830, 0.0831, 0.0840, 0.0838, 0.0832, 0.0830, 0.0828, 0.0827,
         0.0829, 0.0846, 0.0829],
        [0.0831, 0.0835, 0.0834, 0.0831, 0.0832, 0.0834, 0.0835, 0.0835, 0.0836,
         0.0835, 0.0829, 0.0835],
        [0.0837, 0.0832, 0.0832, 0.0837, 0.0836, 0.0833, 0.0832, 0.0831, 0.0830,
         0.0831, 0.0840, 0.0831],
        [0.0835, 0.0833, 0.0833, 0.0835, 0.0834, 0.0833, 0.0833, 0.0832, 0.0832,
         0.0832, 0.0836, 0.0832],
        [0.0833, 0.0834, 0.0834, 0.0833, 0.0833, 0.0834, 0.0834, 0.0834, 0.0834,
         0.0834, 0.0832, 0.0834],
        [0.0832, 0.0834, 0.0833, 0.0833, 0.0833, 0.0834, 0.0834, 0.0834, 0.0834,
         0.0834, 0.0832, 0.0834],
        [0.0830, 0.0835, 0.0834, 0.0830, 0.0831, 0.0834, 0.0835, 0.0836, 0.0836,
         0.0835, 0.0827, 0.0836],
        [0.0829, 0.0836, 0.0835, 0.0829, 0.0831, 0.0834, 0.0836, 0.0837, 0.0837,
         0.0836, 0.0825, 0.0836],
        [0.0828, 0.0836, 0.0835, 0.0828, 0.0830, 0.0834, 0.0836, 0.0837, 0.0838,
         0.0837, 0.0823, 0.0837],
        [0.0831, 0.0834, 0.0834, 0.0832, 0.0832, 0.0834, 0.0834, 0.0835, 0.0835,
         0.0834, 0.0830, 0.0835],
        [0.0836, 0.0832, 0.0832, 0.0836, 0.0835, 0.0833, 0.0832, 0.0832, 0.0831,
         0.0832, 0.0837, 0.0832],
        [0.0831, 0.0835, 0.0834, 0.0831, 0.0832, 0.0834, 0.0835, 0.0835, 0.0836,
         0.0835, 0.0829, 0.0835],
        [0.0833, 0.0834, 0.0833, 0.0833, 0.0833, 0.0833, 0.0834, 0.0834, 0.0834,
         0.0834, 0.0832, 0.0834],
        [0.0832, 0.0834, 0.0834, 0.0833, 0.0833, 0.0834, 0.0834, 0.0834, 0.0834,
         0.0834, 0.0831, 0.0834],
        [0.0828, 0.0836, 0.0835, 0.0829, 0.0831, 0.0834, 0.0836, 0.0837, 0.0838,
         0.0836, 0.0824, 0.0837],
        [0.0830, 0.0835, 0.0835, 0.0830, 0.0831, 0.0834, 0.0835, 0.0836, 0.0836,
         0.0835, 0.0827, 0.0836],
        [0.0831, 0.0835, 0.0834, 0.0831, 0.0832, 0.0834, 0.0834, 0.0835, 0.0835,
         0.0835, 0.0829, 0.0835],
        [0.0830, 0.0835, 0.0834, 0.0831, 0.0832, 0.0834, 0.0835, 0.0835, 0.0836,
         0.0835, 0.0828, 0.0835],
        [0.0832, 0.0834, 0.0834, 0.0832, 0.0833, 0.0834, 0.0834, 0.0834, 0.0835,
         0.0834, 0.0830, 0.0834],
        [0.0831, 0.0834, 0.0834, 0.0832, 0.0832, 0.0834, 0.0834, 0.0835, 0.0835,
         0.0834, 0.0829, 0.0835],
        [0.0830, 0.0835, 0.0835, 0.0830, 0.0831, 0.0834, 0.0835, 0.0836, 0.0836,
         0.0835, 0.0827, 0.0836],
        [0.0828, 0.0836, 0.0835, 0.0829, 0.0830, 0.0834, 0.0836, 0.0837, 0.0838,
         0.0836, 0.0824, 0.0837],
        [0.0828, 0.0836, 0.0835, 0.0829, 0.0830, 0.0834, 0.0836, 0.0837, 0.0838,
         0.0836, 0.0824, 0.0837],
        [0.0830, 0.0835, 0.0835, 0.0830, 0.0831, 0.0834, 0.0835, 0.0836, 0.0837,
         0.0835, 0.0827, 0.0836]], grad_fn=<CopySlices>)