[1.5814746593802016e-217, 4.43112149023756e-24, 5.60520290193036e-33, 0.9998404714265102, 3.2810054780875854e-247, 6.375432949041774e-77, 4.066712889335902e-96, 8.25910900972079e-217, 0.0001595285710366721, 1.5679782441902008e-21, 3.4725780088447683e-161, 8.745859234732929e-164, 1.6784703403998864e-33, 4.884539767150841e-218, 5.153239598223089e-24, 8.803709761588774e-218]
[8.278231268979586e-05, 4.631355621210201e-45, 3.3934471751018112e-245, 1.2736537653509177e-162, 1.0768427327385895e-55, 2.563951498383698e-122, 2.184e-321, 0.00034196767202473847, 2.7441874973542734e-90, 6.539553806862701e-166, 0.0021502843995611534, 0.9973071407708998, 1.0045529606237654e-49, 9.902015260491697e-05, 2.3588526388551802e-45, 1.8804689668465184e-05]
[7.319030712080422e-12, 9.108670227841588e-114, 4.683279357996464e-252, 5.939597632989124e-243, 0.999999999954502, 3.1757632715860124e-93, 1.3932469878310401e-278, 3.1007774810166553e-11, 5.615565206161e-141, 4.9050482176896805e-180, 7.270284828849378e-34, 8.450277746398226e-52, 2.1588085175596018e-124, 4.60640386848276e-15, 7.2563168447047895e-115, 4.666826636180714e-12]
[1.2582741224885024e-89, 0.6359735756759592, 1.174219114790873e-70, 1.2808046285615514e-27, 1.1786408030401959e-116, 1.1970083583121158e-43, 1.1136154459508796e-130, 6.389143960592311e-89, 3.0799830857753647e-09, 7.457926202572003e-34, 4.400179132179216e-55, 3.299106678196529e-58, 0.0070525650784547915, 3.899008436208592e-90, 0.35697385616397437, 6.297821875524302e-90]
[0.14859786537533085, 1.5051855631429386e-71, 4.0623723e-317, 1.3866852549570565e-218, 3.1645077711414685e-70, 7.256930735651838e-176, 0.0, 0.504530121276348, 2.859141069017463e-133, 8.964059612358818e-227, 1.0999029231493938e-13, 5.501758730883023e-07, 1.1247101134255054e-82, 0.329260935070161, 5.38906488918305e-72, 0.017610528101684165]
[0.1521976117779887, 1.3510351228452684e-74, 9.991168008493954e-287, 8.365784031187546e-210, 1.9107776763686e-41, 6.072523196692751e-143, 0.0, 0.6831501886406147, 1.5156689343115162e-122, 1.4954804321520022e-201, 2.0381817636063077e-06, 6.030389101867903e-06, 1.091112508346608e-80, 0.11811389281790273, 1.2362123912202924e-74, 0.046530238192138224]
[0.15259778054329043, 1.8423970290176553e-73, 1.763172000879005e-288, 5.193146376874604e-209, 5.4529307458351356e-45, 2.928704577126608e-146, 0.0, 0.6626451905886321, 5.919217301069761e-123, 3.021914444085387e-203, 4.3605614801744163e-07, 1.018393319675248e-05, 5.1970457461928665e-80, 0.14339831799294347, 1.5147739697560576e-73, 0.041348090885394734]
[1.0188801187987488e-98, 0.5843740499178744, 3.019151067048848e-51, 1.340006548711852e-22, 2.3302068845790166e-114, 7.811968061361908e-34, 8.262761167815333e-106, 5.4419899824035985e-98, 8.850275525093561e-09, 1.0545706743872233e-20, 1.8377423282262213e-63, 1.5993449690290273e-69, 4.135509687326674e-07, 1.2727754970712399e-99, 0.41562552767820643, 6.645337925355293e-99]
[1.649203574630542e-278, 1.239913027220266e-67, 1.4220401863743218e-29, 2.0518468963189293e-90, 9.28289778145306e-267, 6.829643372827342e-52, 0.9999999999973316, 3.8353531376263816e-278, 8.0255876865314445e-112, 1.4306955679043462e-45, 3.04947492228306e-271, 3.871946449569577e-297, 2.5289027487023906e-140, 1.3357839316630162e-284, 6.78518550429815e-70, 4.506729792828419e-279]
[0.14887216869642048, 2.58551728151977e-75, 1.3313730195136358e-266, 1.3866250796606096e-202, 3.8769309985156094e-28, 4.810669333717805e-125, 0.0, 0.7314401497326743, 7.302516417376053e-117, 3.836355852278115e-186, 7.549797108084624e-05, 1.8933090979351924e-07, 9.708733003660298e-80, 0.054382889924518424, 2.7183108801941154e-75, 0.06522910434229834]
[1.2608056551798211e-248, 2.5858413230670107e-29, 0.9999999505077918, 1.150872348038221e-30, 5.376949084837411e-238, 2.5319967563272058e-54, 3.600502013710601e-29, 5.809520133311362e-248, 8.783015250822525e-46, 4.9489482834932104e-08, 7.119524213736218e-209, 7.073488290693608e-226, 2.4401635897239824e-80, 7.934147264374874e-252, 2.4650145393365167e-29, 1.0766088244971004e-248]
[7.208620155741066e-175, 8.440792459085499e-12, 5.56220208611764e-08, 6.084619623298718e-20, 7.893305732894379e-169, 1.0968427753605612e-31, 1.229634036555677e-44, 3.655015159670851e-174, 2.4679386308244537e-24, 0.9999999443599983, 9.325288302275179e-138, 9.260735032412154e-152, 3.6091389516089905e-43, 2.659900918699633e-177, 6.7860528252999525e-12, 6.408941131575901e-175]
[8.544068699052449e-100, 2.6331270311959538e-27, 1.389258484913767e-53, 1.3195115207198022e-70, 7.603814886010465e-87, 0.9999999999972172, 1.7614233889714258e-50, 3.3449646037882236e-99, 4.940703039676572e-49, 1.7933819086854643e-31, 6.649400562978461e-90, 5.547129376142438e-109, 6.737852297171177e-52, 1.4962556335058363e-103, 1.1954107757188481e-28, 5.199314427496055e-100]
[0.15244523388681988, 1.3436928253302746e-70, 4.495281720483532e-273, 8.42668269061756e-199, 3.0229334669182146e-41, 1.9171161985294336e-137, 0.0, 0.6714687556410738, 1.2127520858782992e-117, 3.238754411906854e-192, 1.6380222837688976e-06, 1.3425153063163584e-05, 2.559536219073698e-76, 0.13254209043832865, 1.0518262359144187e-70, 0.04352885685797575]
[0.1526502367678294, 1.5462517410061063e-69, 2.1886681688011435e-275, 2.6462964156413793e-198, 3.650036133887949e-45, 3.03248352307925e-141, 0.0, 0.6465697543284813, 3.014988608140228e-118, 2.3221078791329824e-194, 2.5422526092024204e-07, 1.9141112409346834e-05, 8.836482998684751e-76, 0.16286453627044584, 1.061788398927998e-69, 0.0378960772951965]
[1.3265537428924942e-160, 3.624011255409615e-15, 1.2969604511176167e-44, 0.00032876981221424, 8.18113586941004e-199, 5.860251115557006e-75, 2.9631199138774326e-115, 6.151342930389255e-160, 0.9996712301853421, 7.068144183173433e-26, 3.657119084700846e-117, 9.71603606523638e-117, 6.47517525606446e-19, 9.505378009258637e-161, 2.2950907017700846e-15, 4.631394788327359e-161]
[0.15240526275528526, 3.7396944534705554e-68, 5.208932441720527e-276, 1.1373477340577132e-196, 6.611363393461744e-49, 3.127261800565669e-144, 0.0, 0.6181775204179111, 2.458860980770389e-118, 2.339915172113976e-195, 3.069659382198821e-08, 2.0479699750303757e-05, 6.679537373052251e-75, 0.19683698765198532, 2.1769642095240448e-68, 0.03255971877812682]
[0.152081105466144, 1.7661212263793333e-67, 1.3612755789885962e-276, 5.49859822267475e-196, 5.105039761712823e-51, 5.3321071622417015e-146, 0.0, 0.6014328596398241, 1.6723520876340788e-118, 4.349037300872228e-196, 8.377731173357016e-09, 1.8303829582131265e-05, 1.5487151391492049e-74, 0.21665831133478844, 9.321481483075695e-68, 0.029809411351583555]
[0.1525152270553969, 2.203073047903595e-68, 6.035108672407327e-265, 1.819287432594433e-192, 8.43340923401114e-41, 6.327379950671793e-134, 0.0, 0.6659119395535715, 1.033538187598559e-114, 1.2916064470111894e-186, 1.6142157588784385e-06, 1.9672122854277516e-05, 7.55960251569447e-74, 0.139337472148219, 1.5853396046909101e-68, 0.04221407490375123]
[0.1523729780406673, 5.826269498750553e-67, 8.606778984150544e-271, 6.861652388151654e-193, 3.587849753227429e-48, 1.2232479411058593e-141, 0.0, 0.6167222466219917, 1.8099767098940074e-116, 1.0642251931500911e-191, 3.6719547957599994e-08, 2.3862577303076826e-05, 1.7515266849512112e-73, 0.19855203026836687, 3.252556002068194e-67, 0.03232884577176863]
[0.15237521923271022, 1.3774594045088935e-66, 5.562592371705244e-269, 1.237248683649113e-191, 8.139053888758252e-48, 1.1495918774264618e-140, 0.0, 0.6170495952693658, 8.024472880540372e-116, 2.0510510936059294e-190, 4.156515543461543e-08, 2.5226367686474097e-05, 5.115183482562994e-73, 0.1981586299605407, 7.617784778436847e-67, 0.03239128760418424]
[4.958893960772764e-05, 1.018686835960231e-42, 7.074849824739155e-195, 5.906259300158285e-139, 2.01677725097585e-30, 1.3457595234631106e-85, 1.6356677361728123e-250, 0.00024171513317330375, 1.1148970672675617e-76, 2.1694243703086636e-129, 0.9939129087368612, 0.005754796628555084, 9.002614076516548e-45, 1.997388308298514e-05, 7.176629895111679e-43, 2.1016675642327476e-05]
[0.15259643895504432, 1.3541901077632327e-66, 1.1092946957021155e-259, 7.168673178603338e-188, 2.4858880750170973e-41, 2.992604224711936e-132, 0.0, 0.6560750899354694, 9.679475351556921e-113, 4.155389830574087e-183, 1.0562038761742237e-06, 2.7503001266054164e-05, 5.483497823812217e-72, 0.1513134245670699, 8.901700007632855e-67, 0.03998648733684853]
[0.1518763287416256, 4.001360521626943e-65, 4.281592142705926e-267, 7.808907132771427e-189, 3.334141027577129e-50, 1.1679539459621385e-141, 0.0, 0.5935802515020715, 4.450436779148212e-115, 1.6229602911493896e-189, 8.090243345870295e-09, 2.269624374485618e-05, 7.718391489096413e-72, 0.22588599830513012, 1.897123963421051e-65, 0.02863471711682037]
[1.639414295755187e-70, 0.11136437695017962, 5.760193770388379e-81, 3.0273076570324097e-29, 7.0014196651522115e-109, 7.659893915738124e-53, 1.941764510474633e-139, 7.244878463232847e-70, 1.0544990093797382e-10, 2.030388848786024e-44, 8.930713517492876e-44, 8.665405697207908e-43, 0.8509503376463978, 1.4587051148477228e-70, 0.03768528529471688, 4.7735221142580404e-71]
[0.1456338154239704, 4.5347583812462187e-63, 1.3474049662861608e-284, 3.7400339791285437e-193, 1.4246592364443304e-70, 3.644071879115565e-163, 0.0, 0.4407853383544486, 5.937890923386769e-122, 6.216298266164647e-205, 2.447071249509116e-15, 1.2144087736285585e-07, 1.467001263545117e-73, 0.4015190390651638, 8.090338813659656e-64, 0.012061685714282901]
[2.705237308313867e-135, 1.7071002330977585e-09, 8.917722265722659e-42, 8.875111938998106e-05, 2.3525231778911855e-167, 3.3851508774049303e-59, 5.275919013942764e-102, 1.2820886382912e-134, 0.9999112461020382, 3.407776247482549e-22, 3.8761297268451935e-96, 1.3771450358236217e-96, 1.519561020691829e-12, 1.6424954386245842e-135, 1.0673035875309567e-09, 1.024075625664358e-135]
[0.1511798120635841, 1.9543754055342918e-63, 1.3523370273235324e-263, 4.825286341917098e-185, 3.808221053426461e-52, 1.1078869317104476e-141, 0.0, 0.570033776331094, 8.870736576827781e-114, 1.8242251296969501e-187, 1.6689741166362064e-09, 1.8324876305593772e-05, 2.387881550783991e-70, 0.253464083579884, 7.841850579568666e-64, 0.025304001479762514]
[0.147778274580054, 2.2661145706880987e-62, 6.247156593974026e-273, 2.4193192404346755e-187, 7.367824407726316e-63, 4.669657682870672e-153, 0.0, 0.4870204472401292, 2.3496371236305027e-117, 1.2054929087524575e-195, 7.414022440828589e-13, 1.4412073114940608e-06, 3.22776846372498e-71, 0.3491972025406251, 5.472603277058686e-63, 0.016002634430427355]
[1.1327530881074419e-75, 0.6280164531339418, 6.352694029956261e-58, 1.7624053716808725e-23, 1.5931687211043016e-96, 5.799808112297228e-35, 3.637688061228321e-107, 5.74081511299259e-75, 1.6619967383700117e-08, 2.166745740569444e-27, 1.5819632253810275e-46, 1.1269645243425891e-49, 0.0046751881037047005, 3.353912677765106e-76, 0.3673083421404956, 5.662014174897158e-76]
[0.14828562246065388, 8.25555170978493e-62, 3.6268005420444864e-268, 1.3620526649420684e-184, 1.1529420138801587e-60, 1.3323199086119054e-149, 0.0, 0.4981138378683135, 1.4859132065524998e-115, 4.905352330317774e-192, 3.0364148913861615e-12, 2.540941177850967e-06, 3.556419606708433e-70, 0.33652855986634367, 2.1059276846051694e-62, 0.01706943885982883]
[0.1476925724087617, 2.0622497831880032e-61, 2.7667286675219894e-268, 4.54890640197584e-184, 4.6674026992188046e-62, 1.2222720463115806e-150, 0.0, 0.4851922426597432, 1.2027581485902825e-115, 2.285190526139496e-192, 9.243940945434086e-13, 1.601357652831514e-06, 5.123388337748567e-70, 0.35127154120585935, 4.794035068245118e-62, 0.015842042366315656]
